0  0  0  0  0  0  0  0  0  0  0  0
1  1  4  0  3  1  1  4  0  0  0  0
0  0  2  0  2  0  0  2  0  0  0  0
0  0  2  0  2  0  0  2  0  0  0  0
0  0  2  0  2  0  0  2  0  3  1  1
0  0  6  1  5  0  0  2  0  2  0  0
0  0  0  0  0  0  0  6  1  5  0  0
0  0  0  0  0  0  0  0  0  0  0  0

-1 -1 -1 -1 -1 -1 -1 -1 -1 -1 -1 -1
-1 -1 -1 -1 -1 -1 -1 -1 -1 -1 -1 -1
-1 -1 -1 -1 -1 -1 -1 -1 -1 -1 -1 -1
-1 -1 -1 -1 -1 -1 -1 -1 -1 -1 -1 -1
-1 -1 -1 -1 -1 -1 -1 -1 -1 -1 -1  0
-1 -1 -1 -1 -1 -1 -1 -1 -1 -1 -1 -1
-1 -1 -1 -1 -1 -1 -1 -1 -1 -1 -1 -1
-1 -1 -1 -1 -1 -1 -1 -1 -1 -1 -1 -1